['Pathology', 'Suite', '157', '-', '161', 'George', 'St', ',', 'Liverpool', ',', 'NSW', '2170']
[24, 0, 1, 2, 3, 18, 4, 18, 5, 6, 25, -58.407178051467]
[24, 2, 3, 18, 4, 18, 5, 6, 25, -39.754151979072745]
[24, 8, 9, 18, 4, 18, 5, 6, 25, -52.434767466887855]
[24, 16, 0, 19, 1, 2, 3, 18, 4, 18, 5, 6, 25, -76.94428109077145]
[24, 8, 8, 8, 9, 19, 1, 23, 8, 9, 18, 4, 18, 5, 6, 25, -124.31931103069405]
[24, 0, 19, 2, 3, 18, 4, 18, 5, 6, 25, -57.933602617797774]
[24, 0, 19, 1, 2, 2, 3, 18, 4, 18, 5, 6, 25, -67.23603253597994]
[24, 0, 19, 1, 2, 3, 18, 4, 18, 5, 6, 25, -55.29652777494088]
[24, 0, 19, 1, 2, 3, 18, 4, 4, 18, 5, 6, 25, -67.16051205107227]
[24, 8, 8, 9, 18, 2, 3, 4, 18, 4, 18, 5, 6, 25, -86.18266981585235]
[24, 1, 2, 3, 18, 4, 18, 5, 6, 25, -41.4564619663574]
[24, 0, 19, 1, 2, 3, 18, 4, 4, 18, 5, 6, 25, -66.34472246856906]
[24, 0, 19, 1, 2, 3, 18, 4, 18, 5, 6, 25, -58.89034807054728]
[24, 8, 9, 18, 4, 18, 5, 6, 25, -49.14004393438609]
[24, 0, 18, 1, 20, 1, 2, 3, 18, 4, 18, 5, 6, 25, -68.186353239099]
[24, 8, 9, 15, 9, 18, 1, 20, 19, 1, 2, 3, 18, 4, 18, 5, 6, 25, -111.95122324528197]
[24, 0, 18, 4, 4, 18, 2, 3, 18, 4, 18, 5, 6, 25, -80.04925807202758]
[24, 0, 19, 1, 2, 2, 3, 18, 4, 4, 18, 5, 6, 25, -83.99455458864036]
[24, 0, 1, 2, 3, 18, 4, 18, 5, 6, 25, -61.07773654305999]
[24, 1, 2, 2, 3, 18, 4, 18, 5, 6, 25, -58.339645642258155]
[24, 0, 19, 1, 2, 3, 18, 4, 18, 5, 6, 25, -55.007833199284136]
[24, 8, 9, 18, 4, 18, 5, 6, 25, -51.32683245956923]
[24, 0, 19, 1, 2, 3, 18, 4, 4, 18, 5, 6, 25, -66.72901286917302]
[24, 0, 19, 1, 2, 3, 18, 4, 4, 18, 5, 6, 25, -60.04747713376548]
[24, 0, 19, 1, 2, 3, 18, 4, 18, 5, 6, 25, -54.01241453115328]
[24, 0, 19, 1, 2, 3, 18, 4, 4, 18, 5, 6, 25, -63.742526375138006]
[24, 0, 19, 1, 2, 3, 18, 4, 18, 5, 6, 25, -56.368526026271006]
[24, 0, 19, 1, 18, 4, 18, 5, 6, 25, -53.6343020429981]
[24, 16, 0, 19, 1, 2, 3, 18, 4, 18, 5, 6, 25, -79.91942625196758]
[24, 2, 3, 18, 4, 18, 5, 6, 25, -42.6094010353643]
[24, 2, 3, 18, 4, 18, 5, 6, 25, -40.142775587458786]
[24, 0, 19, 1, 2, 3, 18, 4, 18, 5, 6, 25, -55.86786604191135]
[24, 0, 19, 1, 2, 2, 3, 18, 4, 18, 5, 6, 25, -66.52089664682067]
[24, 8, 8, 9, 18, 4, 18, 5, 6, 25, -56.426409954381135]
[24, 16, 0, 19, 1, 2, 3, 18, 4, 18, 5, 6, 25, -67.20645744850664]
[24, 0, 19, 1, 2, 3, 18, 4, 18, 5, 6, 25, -59.734255091117745]
[24, 0, 19, 1, 2, 3, 18, 4, 18, 5, 6, 25, -59.660708009813646]
[24, 0, 19, 1, 2, 3, 18, 4, 18, 5, 6, 25, -58.58691230104886]
[24, 8, 9, 19, 1, 2, 3, 18, 4, 4, 18, 5, 6, 25, -68.4581050631668]
[24, 0, 19, 1, 2, 3, 18, 4, 18, 5, 6, 25, -60.469233711801564]
[24, 0, 19, 1, 20, 1, 2, 3, 18, 4, 18, 5, 6, 25, -73.3653081056723]
[24, 2, 3, 18, 4, 18, 5, 6, 25, -45.10756137449559]
[24, 0, 19, 1, 2, 3, 18, 4, 18, 5, 6, 25, -65.03576798447783]
[24, 0, 19, 1, 2, 3, 18, 4, 18, 5, 6, 25, -68.27271208901884]
[24, 0, 19, 1, 2, 3, 18, 4, 18, 5, 6, 25, -60.08642575641911]
[24, 8, 8, 9, 18, 4, 18, 5, 6, 25, -54.962045513474024]
[24, 0, 19, 1, 2, 3, 18, 4, 18, 5, 6, 25, -52.55355100588994]
[24, 0, 19, 1, 2, 3, 18, 4, 18, 5, 6, 25, -59.4453337192611]
[24, 0, 19, 1, 2, 3, 18, 4, 18, 5, 6, 25, -50.56965642171899]
[24, 0, 1, 2, 2, 2, 3, 18, 4, 4, 18, 5, 6, 25, -73.92187884497085]
[24, 0, 19, 1, 2, 3, 18, 4, 4, 18, 5, 6, 25, -70.94827027995954]
[24, 16, 0, 19, 1, 1, 2, 3, 18, 4, 18, 5, 6, 25, -75.45459331131069]
[24, 0, 18, 8, 9, 18, 2, 2, 3, 18, 4, 18, 5, 6, 25, -79.55782082236264]
[24, 0, 19, 1, 2, 3, 18, 4, 4, 18, 5, 6, 25, -60.24167993282755]
[24, 0, 19, 1, 2, 18, 4, 18, 5, 6, 25, -63.206213499342965]
[24, 0, 19, 1, 2, 3, 18, 4, 18, 5, 6, 25, -58.61847068751436]
[24, 0, 19, 2, 3, 18, 4, 18, 5, 6, 25, -69.06528910789815]
[24, 0, 19, 1, 2, 3, 18, 4, 4, 18, 5, 6, 25, -65.91641292105788]
[24, 0, 19, 1, 2, 3, 18, 4, 18, 5, 6, 25, -50.320993150434084]
[24, 2, 3, 18, 4, 18, 5, 6, 25, -42.09602663600471]
[24, 0, 19, 1, 2, 3, 18, 4, 18, 5, 6, 25, -57.099466774787025]
[24, 0, 1, 2, 3, 18, 4, 18, 5, 6, 25, -46.16609346609039]
[24, 1, 2, 3, 18, 1, 2, 18, 4, 18, 5, 6, 25, -72.14212691254828]
[24, 8, 8, 9, 18, 4, 18, 5, 6, 25, -55.43504994195047]
[24, 1, 2, 3, 18, 1, 20, 1, 2, 3, 18, 4, 4, 18, 5, 6, 25, -90.31990749732773]
[24, 1, 2, 2, 3, 18, 4, 18, 5, 6, 25, -57.58994915035009]
[24, 1, 2, 2, 2, 2, 2, 3, 18, 4, 18, 5, 6, 25, -87.38913040942698]
[24, 8, 8, 9, 18, 4, 18, 5, 6, 25, -52.719237418638855]
[24, 1, 2, 20, 2, 2, 3, 18, 4, 18, 5, 6, 25, -75.17549923581448]
[24, 0, 1, 2, 3, 18, 4, 18, 5, 6, 25, -51.75431461630585]
[24, 2, 3, 18, 4, 18, 5, 6, 25, -41.6699207687882]
[24, 0, 19, 1, 2, 3, 18, 4, 18, 5, 6, 25, -56.68858910993885]
[24, 1, 2, 3, 18, 4, 18, 5, 6, 25, -49.561123494508934]
[24, 1, 2, 2, 3, 18, 1, 2, 3, 18, 4, 4, 18, 5, 6, 25, -93.08913381658303]
[24, 16, 0, 19, 1, 2, 3, 18, 4, 18, 5, 6, 25, -61.27281244521978]
[24, 0, 19, 1, 2, 3, 18, 4, 18, 5, 6, 25, -51.50002775099704]
[24, 0, 19, 1, 2, 3, 18, 4, 18, 5, 6, 25, -52.50741511366613]
[24, 2, 3, 18, 4, 18, 5, 6, 25, -44.543155752099665]
[24, 8, 8, 9, 18, 4, 18, 5, 6, 25, -54.962045513474024]
[24, 0, 19, 1, 2, 3, 18, 4, 18, 5, 6, 25, -55.04819253478041]
[24, 0, 19, 1, 20, 1, 2, 2, 20, 2, 3, 18, 4, 18, 5, 6, 25, -119.20619562871903]
[24, 0, 19, 1, 2, 3, 18, 4, 18, 5, 6, 25, -50.85324603329972]
[24, 0, 1, 2, 3, 18, 4, 4, 18, 5, 6, 25, -58.93493056527702]
[24, 0, 19, 1, 2, 3, 18, 4, 18, 5, 6, 25, -65.7419611085753]
[24, 2, 3, 18, 4, 18, 5, 6, 25, -45.50406775316821]
[24, 0, 1, 2, 3, 18, 4, 4, 4, 4, 4, 18, 5, 6, 25, -85.6096721148282]
[24, 0, 19, 1, 2, 3, 18, 4, 18, 5, 6, 25, -60.06108440267953]
[24, 2, 3, 18, 4, 18, 5, 6, 25, -38.86472829113796]
[24, 0, 19, 1, 18, 4, 4, 18, 5, 6, 25, -56.99022955932032]
[24, 0, 19, 1, 20, 19, 1, 2, 3, 18, 4, 18, 5, 6, 25, -86.85529279888691]
[24, 0, 1, 2, 2, 2, 3, 18, 4, 18, 5, 6, 25, -74.45664744025565]
[24, 2, 3, 18, 4, 18, 5, 6, 25, -44.45122388315245]
[24, 8, 9, 1, 2, 3, 18, 4, 18, 5, 6, 25, -55.3461010010974]
[24, 0, 19, 1, 2, 3, 18, 4, 18, 5, 6, 25, -54.785517122444126]
[24, 2, 3, 18, 4, 18, 5, 6, 25, -49.545420061233415]
[24, 0, 19, 1, 2, 3, 18, 4, 4, 18, 5, 6, 25, -63.913879689451385]
[24, 2, 3, 18, 4, 4, 18, 5, 6, 25, -48.018279615695306]
[24, 8, 8, 9, 19, 1, 18, 4, 4, 18, 5, 6, 25, -93.23348468803701]
[24, 2, 3, 18, 4, 18, 5, 6, 25, -42.796017552066]
[24, 0, 19, 1, 2, 3, 18, 4, 4, 18, 5, 6, 25, -63.61774196995776]
